 x1=scan()
 -1.181657474  1.952148926 -0.195608610  0.309289681  1.304173587
 -0.408790657 -0.629019384 -1.310812316 -0.274333556 -1.548726108
  1.701194530 -1.198334463  1.028851416  0.500493322 -1.690783071
  0.970795872  0.725251244  0.088643091  0.986314827  0.383257448
  0.848332485 -0.307662255 -0.944354916  0.256330673  0.182145985
  1.073047585 -0.250545962  1.717608788 -0.301552462  0.812903478
  0.036478774 -1.267587225  1.317270690 -0.019714572  0.171977584
 -0.397934436  0.800755107  1.591230721  0.273150470 -0.009712632
  0.189328209  0.670521428  0.176607748  0.918550296  0.126065782
  0.801809537  0.028674584 -2.587947988 -0.473677419  0.017238497
  1.016958553 -0.124808739 -0.729531070  0.857173643  0.477121758
 -0.806626875  0.189027821 -1.073685204  0.998587883  1.544668177

 y1=scan()
 -1.49823696  0.46672558  2.83322619 -0.33697445 -0.83609876 -0.94273062
  1.00432785 -0.29806884  1.35538698  1.38700077 -0.46652046  0.69686507
  0.44257325  0.02879203  0.39091540  1.16181812 -1.18906951 -0.07733817
 -1.37941738 -0.80941510  1.47948789 -0.18855602  0.59726520  1.14448867
  0.04986807  0.39330926 -0.05306276 -1.23875461 -0.01645129  0.84069904
 -1.01724045 -0.07118495  2.06361143  0.78628879 -1.46385491  1.29492996
  0.42136476 -1.17868447  0.75055792 -0.91120422 -2.09862794 -0.11366578
 -0.92924434  0.47915720  0.86295199 -2.83450804  0.63790512 -0.55492922
  1.22131592 -0.47125763 -0.28097955 -0.03286252 -0.53748872 -0.05934442
 -0.82442544  1.25333038 -0.15217401  0.48077054 -1.64301215 -0.58907464

 x2=scan()
 -1.405918749 -0.800893186 -0.103423074 -0.752783644  0.186173453
  0.008664681 -1.032731667 -1.884650158 -0.067649876  1.016707308
 -1.093094640 -1.056198574 -0.369546686  0.805182975  1.872159233
  0.144625921 -1.102524912  1.719980670 -0.714568736 -1.904866021
  0.018316866 -0.881265937  1.190079968 -1.883073989  2.293346409
 -0.228938299  0.771876743 -0.700062983  0.110717282 -1.205120002
  1.459299167 -1.391013267  0.562703460 -0.057545251 -0.149572138
 -1.619281396 -0.784169642  0.001023076  0.512467626  0.494857155
  0.074145802 -1.117747898  1.488616508  1.118172891  0.074562694
 -0.592445782 -2.596928455  0.984742038 -0.388433803 -0.350914482
 -0.399857970 -1.306544597 -0.572222195  1.169868335 -1.385644714
 -0.790150816  0.352089517  1.513640199  0.881043596  0.823430350

y2=scan()
 -3.666226872 -1.824603295 -0.385197828 -1.530798575  0.614646656
  0.018906944 -3.583263181 -4.170243926 -0.175918049  3.766111511
 -3.117325547 -3.597506906 -1.437209138  2.641697575  5.707012557
  0.553041700 -3.665612773  4.350152940 -1.600922316 -4.891112181
  0.037464060 -2.218563562  3.088205608 -7.507703390  5.021248458
 -0.531115178  2.985438713 -2.125651283  0.279513945 -4.586279721
  5.131287642 -5.384102816  1.521361487 -0.152410328 -0.425012036
 -4.957102598 -1.998347162  0.003511263  1.625680479  1.399885877
  0.242224919 -4.398309614  3.899231026  3.652559082  0.277012914
 -1.536335704 -7.956489509  3.703081274 -1.548303855 -1.295790800
 -1.492859799 -4.194994516 -1.626506586  3.284256552 -5.526194990
 -2.353323854  1.000891984  3.230980221  3.327918484  2.736483333

 
